{
 "cells": [
  {
   "cell_type": "code",
   "execution_count": 1,
   "metadata": {},
   "outputs": [],
   "source": [
    "import pandas as pd\n",
    "import numpy as np\n",
    "\n",
    "import json\n",
    "\n",
    "from scripts.utils import SimulateData\n",
    "from stopsignalmetrics.ssrtmodel import SSRTmodel\n",
    "\n",
    "from matplotlib.font_manager import FontProperties\n",
    "import matplotlib.pyplot as plt\n",
    "import seaborn as sns"
   ]
  },
  {
   "cell_type": "code",
   "execution_count": 2,
   "metadata": {},
   "outputs": [],
   "source": [
    "SSRTscales = [85, 25, 5, 0]\n",
    "\n",
    "SSRT_method_map = {'standard': 'Weighted', 'fixed': 'Fixed', 'tracking': 'Tracking'}\n",
    "gen_map = {'gen-graded_both': 'Graded-Both',\n",
    "           'gen-graded_go': 'Graded-Go',\n",
    "           'gen-guesses': 'Guesses',\n",
    "           'gen-standard': 'Independent'}\n",
    "\n",
    "gen_map_simple = {'graded_both': 'Graded-Both',\n",
    "           'graded_go': 'Graded-Go',\n",
    "           'guesses': 'Guesses',\n",
    "           'standard': 'Independent'}"
   ]
  },
  {
   "cell_type": "markdown",
   "metadata": {},
   "source": [
    "# looking at correlations across generating models x SSRT methods, SSRT scales"
   ]
  },
  {
   "cell_type": "code",
   "execution_count": 3,
   "metadata": {},
   "outputs": [],
   "source": [
    "full_ssrt_df = pd.DataFrame()\n",
    "\n",
    "for SSRTscale in SSRTscales:\n",
    "    ssrt_df = pd.read_csv('ssrt_metrics/expected_ssrts_SSRTscale-%d.csv' % SSRTscale, index_col = 0)\n",
    "    # reformatting - was multiindex\n",
    "    ssrt_df.columns = [ f'gen-{gen}_SSRT-{ssrt}' for gen, ssrt in zip(ssrt_df.loc['underlying distribution', :].values, ssrt_df.columns)]\n",
    "    ssrt_df = ssrt_df.drop(['underlying distribution', 'NARGUID'])\n",
    "\n",
    "    for col in ssrt_df.columns:\n",
    "        ssrt_df[col] = ssrt_df[col].astype(float)\n",
    "        \n",
    "#     ssrt_means = ssrt_df.filter(regex='SSRT-standard|tracking|fixed').mean().to_frame(name='mean SSRT')\n",
    "#     ssrt_means['SSRTscale'] = SSRTscale\n",
    "#     ssrt_means['Generating Model'] = np.nan\n",
    "#     ssrt_means['SSRT Method'] = np.nan\n",
    "#     # ssrt_means[['Generating Model', 'SSRT Method']] = np.nan, np.nan\n",
    "#     ssrt_means[['Generating Model', 'SSRT Method']] = ssrt_means.reset_index()['index'].str.split('_SSRT-', expand=True).values\n",
    "#     ssrt_means['Generating Model'] = ssrt_means['Generating Model'].map(gen_map)\n",
    "#     ssrt_means['SSRT Method'] = ssrt_means['SSRT Method'].apply(lambda x: SSRT_method_map[x.split('.')[0]])\n",
    "    \n",
    "#     ssrt_means = ssrt_means.reset_index(drop=True)\n",
    "#     full_ssrt_df = pd.concat([full_ssrt_df, ssrt_means], 0)\n",
    "#     full_ssrt_df['mean SSRT'] = full_ssrt_df['mean SSRT'].round(2)\n",
    "\n",
    "# column_order = ['Generating Model', 'SSRT Method', 'SSRTscale', 'mean SSRT']\n",
    "# full_ssrt_df = full_ssrt_df.sort_values(by=column_order[:-1], ascending=[False, True, False])\n",
    "# full_ssrt_df = full_ssrt_df[column_order]"
   ]
  },
  {
   "cell_type": "code",
   "execution_count": 4,
   "metadata": {},
   "outputs": [],
   "source": [
    "def read_in_multiidx_df(ssrtscale):\n",
    "    tst_df = pd.read_csv('ssrt_metrics/expected_ssrts_SSRTscale-%d.csv' % ssrtscale, index_col = 0, header=[0,1])\n",
    "    tst_df = tst_df.drop('guesses', level=0, axis=1)\n",
    "    tst_df = tst_df.drop('graded_go', level=0, axis=1)\n",
    "    tst_df = tst_df.drop('graded_both', level=0, axis=1)\n",
    "    tst_df.columns = tst_df.columns.set_names('SSRT Method', level=0)\n",
    "    tst_df.columns = tst_df.columns.set_names('Generating Model', level=1)\n",
    "    tst_df = tst_df.rename(columns=SSRT_method_map, level=0)\n",
    "    tst_df = tst_df.rename(columns=gen_map_simple, level=1)\n",
    "    return tst_df\n",
    "\n",
    "pd_df = {'SSRTscale=%d' % scale: read_in_multiidx_df(scale) for scale in  SSRTscales}"
   ]
  },
  {
   "cell_type": "code",
   "execution_count": 5,
   "metadata": {},
   "outputs": [
    {
     "data": {
      "text/html": [
       "<div>\n",
       "<style scoped>\n",
       "    .dataframe tbody tr th:only-of-type {\n",
       "        vertical-align: middle;\n",
       "    }\n",
       "\n",
       "    .dataframe tbody tr th {\n",
       "        vertical-align: top;\n",
       "    }\n",
       "\n",
       "    .dataframe thead tr th {\n",
       "        text-align: left;\n",
       "    }\n",
       "\n",
       "    .dataframe thead tr:last-of-type th {\n",
       "        text-align: right;\n",
       "    }\n",
       "</style>\n",
       "<table border=\"1\" class=\"dataframe\">\n",
       "  <thead>\n",
       "    <tr>\n",
       "      <th></th>\n",
       "      <th>SSRT Method</th>\n",
       "      <th colspan=\"4\" halign=\"left\">Weighted</th>\n",
       "      <th colspan=\"4\" halign=\"left\">Fixed</th>\n",
       "      <th colspan=\"4\" halign=\"left\">Tracking</th>\n",
       "    </tr>\n",
       "    <tr>\n",
       "      <th></th>\n",
       "      <th>Generating Model</th>\n",
       "      <th>Graded-Both</th>\n",
       "      <th>Graded-Go</th>\n",
       "      <th>Guesses</th>\n",
       "      <th>Independent</th>\n",
       "      <th>Graded-Both</th>\n",
       "      <th>Graded-Go</th>\n",
       "      <th>Guesses</th>\n",
       "      <th>Independent</th>\n",
       "      <th>Graded-Both</th>\n",
       "      <th>Graded-Go</th>\n",
       "      <th>Guesses</th>\n",
       "      <th>Independent</th>\n",
       "    </tr>\n",
       "    <tr>\n",
       "      <th>SSRT Method</th>\n",
       "      <th>Generating Model</th>\n",
       "      <th></th>\n",
       "      <th></th>\n",
       "      <th></th>\n",
       "      <th></th>\n",
       "      <th></th>\n",
       "      <th></th>\n",
       "      <th></th>\n",
       "      <th></th>\n",
       "      <th></th>\n",
       "      <th></th>\n",
       "      <th></th>\n",
       "      <th></th>\n",
       "    </tr>\n",
       "  </thead>\n",
       "  <tbody>\n",
       "    <tr>\n",
       "      <th rowspan=\"4\" valign=\"top\">Weighted</th>\n",
       "      <th>Graded-Both</th>\n",
       "      <td>1.000000</td>\n",
       "      <td>0.758175</td>\n",
       "      <td>0.954717</td>\n",
       "      <td>0.848070</td>\n",
       "      <td>0.832774</td>\n",
       "      <td>0.830987</td>\n",
       "      <td>0.802775</td>\n",
       "      <td>0.823524</td>\n",
       "      <td>0.797558</td>\n",
       "      <td>0.831956</td>\n",
       "      <td>0.828053</td>\n",
       "      <td>0.794088</td>\n",
       "    </tr>\n",
       "    <tr>\n",
       "      <th>Graded-Go</th>\n",
       "      <td>0.758175</td>\n",
       "      <td>1.000000</td>\n",
       "      <td>0.800954</td>\n",
       "      <td>0.932132</td>\n",
       "      <td>0.955442</td>\n",
       "      <td>0.960172</td>\n",
       "      <td>0.893299</td>\n",
       "      <td>0.967107</td>\n",
       "      <td>0.942721</td>\n",
       "      <td>0.963803</td>\n",
       "      <td>0.961764</td>\n",
       "      <td>0.940713</td>\n",
       "    </tr>\n",
       "    <tr>\n",
       "      <th>Guesses</th>\n",
       "      <td>0.954717</td>\n",
       "      <td>0.800954</td>\n",
       "      <td>1.000000</td>\n",
       "      <td>0.883052</td>\n",
       "      <td>0.916206</td>\n",
       "      <td>0.915362</td>\n",
       "      <td>0.912179</td>\n",
       "      <td>0.883527</td>\n",
       "      <td>0.840504</td>\n",
       "      <td>0.909605</td>\n",
       "      <td>0.903124</td>\n",
       "      <td>0.831826</td>\n",
       "    </tr>\n",
       "    <tr>\n",
       "      <th>Independent</th>\n",
       "      <td>0.848070</td>\n",
       "      <td>0.932132</td>\n",
       "      <td>0.883052</td>\n",
       "      <td>1.000000</td>\n",
       "      <td>0.945407</td>\n",
       "      <td>0.948271</td>\n",
       "      <td>0.859374</td>\n",
       "      <td>0.989290</td>\n",
       "      <td>0.987040</td>\n",
       "      <td>0.961287</td>\n",
       "      <td>0.964597</td>\n",
       "      <td>0.988110</td>\n",
       "    </tr>\n",
       "    <tr>\n",
       "      <th rowspan=\"4\" valign=\"top\">Fixed</th>\n",
       "      <th>Graded-Both</th>\n",
       "      <td>0.832774</td>\n",
       "      <td>0.955442</td>\n",
       "      <td>0.916206</td>\n",
       "      <td>0.945407</td>\n",
       "      <td>1.000000</td>\n",
       "      <td>0.995241</td>\n",
       "      <td>0.972835</td>\n",
       "      <td>0.973492</td>\n",
       "      <td>0.934561</td>\n",
       "      <td>0.992431</td>\n",
       "      <td>0.990233</td>\n",
       "      <td>0.927491</td>\n",
       "    </tr>\n",
       "    <tr>\n",
       "      <th>Graded-Go</th>\n",
       "      <td>0.830987</td>\n",
       "      <td>0.960172</td>\n",
       "      <td>0.915362</td>\n",
       "      <td>0.948271</td>\n",
       "      <td>0.995241</td>\n",
       "      <td>1.000000</td>\n",
       "      <td>0.969973</td>\n",
       "      <td>0.975533</td>\n",
       "      <td>0.937234</td>\n",
       "      <td>0.992267</td>\n",
       "      <td>0.989591</td>\n",
       "      <td>0.930623</td>\n",
       "    </tr>\n",
       "    <tr>\n",
       "      <th>Guesses</th>\n",
       "      <td>0.802775</td>\n",
       "      <td>0.893299</td>\n",
       "      <td>0.912179</td>\n",
       "      <td>0.859374</td>\n",
       "      <td>0.972835</td>\n",
       "      <td>0.969973</td>\n",
       "      <td>1.000000</td>\n",
       "      <td>0.906890</td>\n",
       "      <td>0.843852</td>\n",
       "      <td>0.957535</td>\n",
       "      <td>0.945583</td>\n",
       "      <td>0.832058</td>\n",
       "    </tr>\n",
       "    <tr>\n",
       "      <th>Independent</th>\n",
       "      <td>0.823524</td>\n",
       "      <td>0.967107</td>\n",
       "      <td>0.883527</td>\n",
       "      <td>0.989290</td>\n",
       "      <td>0.973492</td>\n",
       "      <td>0.975533</td>\n",
       "      <td>0.906890</td>\n",
       "      <td>1.000000</td>\n",
       "      <td>0.984700</td>\n",
       "      <td>0.983529</td>\n",
       "      <td>0.985174</td>\n",
       "      <td>0.983270</td>\n",
       "    </tr>\n",
       "    <tr>\n",
       "      <th rowspan=\"4\" valign=\"top\">Tracking</th>\n",
       "      <th>Graded-Both</th>\n",
       "      <td>0.797558</td>\n",
       "      <td>0.942721</td>\n",
       "      <td>0.840504</td>\n",
       "      <td>0.987040</td>\n",
       "      <td>0.934561</td>\n",
       "      <td>0.937234</td>\n",
       "      <td>0.843852</td>\n",
       "      <td>0.984700</td>\n",
       "      <td>1.000000</td>\n",
       "      <td>0.953058</td>\n",
       "      <td>0.957436</td>\n",
       "      <td>0.994810</td>\n",
       "    </tr>\n",
       "    <tr>\n",
       "      <th>Graded-Go</th>\n",
       "      <td>0.831956</td>\n",
       "      <td>0.963803</td>\n",
       "      <td>0.909605</td>\n",
       "      <td>0.961287</td>\n",
       "      <td>0.992431</td>\n",
       "      <td>0.992267</td>\n",
       "      <td>0.957535</td>\n",
       "      <td>0.983529</td>\n",
       "      <td>0.953058</td>\n",
       "      <td>1.000000</td>\n",
       "      <td>0.988424</td>\n",
       "      <td>0.948916</td>\n",
       "    </tr>\n",
       "    <tr>\n",
       "      <th>Guesses</th>\n",
       "      <td>0.828053</td>\n",
       "      <td>0.961764</td>\n",
       "      <td>0.903124</td>\n",
       "      <td>0.964597</td>\n",
       "      <td>0.990233</td>\n",
       "      <td>0.989591</td>\n",
       "      <td>0.945583</td>\n",
       "      <td>0.985174</td>\n",
       "      <td>0.957436</td>\n",
       "      <td>0.988424</td>\n",
       "      <td>1.000000</td>\n",
       "      <td>0.950982</td>\n",
       "    </tr>\n",
       "    <tr>\n",
       "      <th>Independent</th>\n",
       "      <td>0.794088</td>\n",
       "      <td>0.940713</td>\n",
       "      <td>0.831826</td>\n",
       "      <td>0.988110</td>\n",
       "      <td>0.927491</td>\n",
       "      <td>0.930623</td>\n",
       "      <td>0.832058</td>\n",
       "      <td>0.983270</td>\n",
       "      <td>0.994810</td>\n",
       "      <td>0.948916</td>\n",
       "      <td>0.950982</td>\n",
       "      <td>1.000000</td>\n",
       "    </tr>\n",
       "  </tbody>\n",
       "</table>\n",
       "</div>"
      ],
      "text/plain": [
       "SSRT Method                     Weighted                                  \\\n",
       "Generating Model             Graded-Both Graded-Go   Guesses Independent   \n",
       "SSRT Method Generating Model                                               \n",
       "Weighted    Graded-Both         1.000000  0.758175  0.954717    0.848070   \n",
       "            Graded-Go           0.758175  1.000000  0.800954    0.932132   \n",
       "            Guesses             0.954717  0.800954  1.000000    0.883052   \n",
       "            Independent         0.848070  0.932132  0.883052    1.000000   \n",
       "Fixed       Graded-Both         0.832774  0.955442  0.916206    0.945407   \n",
       "            Graded-Go           0.830987  0.960172  0.915362    0.948271   \n",
       "            Guesses             0.802775  0.893299  0.912179    0.859374   \n",
       "            Independent         0.823524  0.967107  0.883527    0.989290   \n",
       "Tracking    Graded-Both         0.797558  0.942721  0.840504    0.987040   \n",
       "            Graded-Go           0.831956  0.963803  0.909605    0.961287   \n",
       "            Guesses             0.828053  0.961764  0.903124    0.964597   \n",
       "            Independent         0.794088  0.940713  0.831826    0.988110   \n",
       "\n",
       "SSRT Method                        Fixed                                  \\\n",
       "Generating Model             Graded-Both Graded-Go   Guesses Independent   \n",
       "SSRT Method Generating Model                                               \n",
       "Weighted    Graded-Both         0.832774  0.830987  0.802775    0.823524   \n",
       "            Graded-Go           0.955442  0.960172  0.893299    0.967107   \n",
       "            Guesses             0.916206  0.915362  0.912179    0.883527   \n",
       "            Independent         0.945407  0.948271  0.859374    0.989290   \n",
       "Fixed       Graded-Both         1.000000  0.995241  0.972835    0.973492   \n",
       "            Graded-Go           0.995241  1.000000  0.969973    0.975533   \n",
       "            Guesses             0.972835  0.969973  1.000000    0.906890   \n",
       "            Independent         0.973492  0.975533  0.906890    1.000000   \n",
       "Tracking    Graded-Both         0.934561  0.937234  0.843852    0.984700   \n",
       "            Graded-Go           0.992431  0.992267  0.957535    0.983529   \n",
       "            Guesses             0.990233  0.989591  0.945583    0.985174   \n",
       "            Independent         0.927491  0.930623  0.832058    0.983270   \n",
       "\n",
       "SSRT Method                     Tracking                                  \n",
       "Generating Model             Graded-Both Graded-Go   Guesses Independent  \n",
       "SSRT Method Generating Model                                              \n",
       "Weighted    Graded-Both         0.797558  0.831956  0.828053    0.794088  \n",
       "            Graded-Go           0.942721  0.963803  0.961764    0.940713  \n",
       "            Guesses             0.840504  0.909605  0.903124    0.831826  \n",
       "            Independent         0.987040  0.961287  0.964597    0.988110  \n",
       "Fixed       Graded-Both         0.934561  0.992431  0.990233    0.927491  \n",
       "            Graded-Go           0.937234  0.992267  0.989591    0.930623  \n",
       "            Guesses             0.843852  0.957535  0.945583    0.832058  \n",
       "            Independent         0.984700  0.983529  0.985174    0.983270  \n",
       "Tracking    Graded-Both         1.000000  0.953058  0.957436    0.994810  \n",
       "            Graded-Go           0.953058  1.000000  0.988424    0.948916  \n",
       "            Guesses             0.957436  0.988424  1.000000    0.950982  \n",
       "            Independent         0.994810  0.948916  0.950982    1.000000  "
      ]
     },
     "execution_count": 5,
     "metadata": {},
     "output_type": "execute_result"
    }
   ],
   "source": [
    "pd_df['SSRTscale=85'].corr(method='spearman')"
   ]
  },
  {
   "cell_type": "code",
   "execution_count": 6,
   "metadata": {},
   "outputs": [
    {
     "data": {
      "text/html": [
       "<div>\n",
       "<style scoped>\n",
       "    .dataframe tbody tr th:only-of-type {\n",
       "        vertical-align: middle;\n",
       "    }\n",
       "\n",
       "    .dataframe tbody tr th {\n",
       "        vertical-align: top;\n",
       "    }\n",
       "\n",
       "    .dataframe thead tr th {\n",
       "        text-align: left;\n",
       "    }\n",
       "\n",
       "    .dataframe thead tr:last-of-type th {\n",
       "        text-align: right;\n",
       "    }\n",
       "</style>\n",
       "<table border=\"1\" class=\"dataframe\">\n",
       "  <thead>\n",
       "    <tr>\n",
       "      <th></th>\n",
       "      <th>SSRT Method</th>\n",
       "      <th colspan=\"4\" halign=\"left\">Weighted</th>\n",
       "      <th colspan=\"4\" halign=\"left\">Fixed</th>\n",
       "      <th colspan=\"4\" halign=\"left\">Tracking</th>\n",
       "    </tr>\n",
       "    <tr>\n",
       "      <th></th>\n",
       "      <th>Generating Model</th>\n",
       "      <th>Graded-Both</th>\n",
       "      <th>Graded-Go</th>\n",
       "      <th>Guesses</th>\n",
       "      <th>Independent</th>\n",
       "      <th>Graded-Both</th>\n",
       "      <th>Graded-Go</th>\n",
       "      <th>Guesses</th>\n",
       "      <th>Independent</th>\n",
       "      <th>Graded-Both</th>\n",
       "      <th>Graded-Go</th>\n",
       "      <th>Guesses</th>\n",
       "      <th>Independent</th>\n",
       "    </tr>\n",
       "    <tr>\n",
       "      <th>SSRT Method</th>\n",
       "      <th>Generating Model</th>\n",
       "      <th></th>\n",
       "      <th></th>\n",
       "      <th></th>\n",
       "      <th></th>\n",
       "      <th></th>\n",
       "      <th></th>\n",
       "      <th></th>\n",
       "      <th></th>\n",
       "      <th></th>\n",
       "      <th></th>\n",
       "      <th></th>\n",
       "      <th></th>\n",
       "    </tr>\n",
       "  </thead>\n",
       "  <tbody>\n",
       "    <tr>\n",
       "      <th rowspan=\"4\" valign=\"top\">Weighted</th>\n",
       "      <th>Graded-Both</th>\n",
       "      <td>1.000000</td>\n",
       "      <td>0.364069</td>\n",
       "      <td>0.928638</td>\n",
       "      <td>0.730268</td>\n",
       "      <td>0.646390</td>\n",
       "      <td>0.633387</td>\n",
       "      <td>0.594147</td>\n",
       "      <td>0.616733</td>\n",
       "      <td>0.453262</td>\n",
       "      <td>0.637547</td>\n",
       "      <td>0.634508</td>\n",
       "      <td>0.477163</td>\n",
       "    </tr>\n",
       "    <tr>\n",
       "      <th>Graded-Go</th>\n",
       "      <td>0.364069</td>\n",
       "      <td>1.000000</td>\n",
       "      <td>0.427898</td>\n",
       "      <td>0.661625</td>\n",
       "      <td>0.838623</td>\n",
       "      <td>0.854347</td>\n",
       "      <td>0.760262</td>\n",
       "      <td>0.849623</td>\n",
       "      <td>0.670990</td>\n",
       "      <td>0.847368</td>\n",
       "      <td>0.854510</td>\n",
       "      <td>0.698325</td>\n",
       "    </tr>\n",
       "    <tr>\n",
       "      <th>Guesses</th>\n",
       "      <td>0.928638</td>\n",
       "      <td>0.427898</td>\n",
       "      <td>1.000000</td>\n",
       "      <td>0.713065</td>\n",
       "      <td>0.760578</td>\n",
       "      <td>0.754876</td>\n",
       "      <td>0.755591</td>\n",
       "      <td>0.675903</td>\n",
       "      <td>0.420635</td>\n",
       "      <td>0.748634</td>\n",
       "      <td>0.726886</td>\n",
       "      <td>0.449477</td>\n",
       "    </tr>\n",
       "    <tr>\n",
       "      <th>Independent</th>\n",
       "      <td>0.730268</td>\n",
       "      <td>0.661625</td>\n",
       "      <td>0.713065</td>\n",
       "      <td>1.000000</td>\n",
       "      <td>0.743179</td>\n",
       "      <td>0.751169</td>\n",
       "      <td>0.587324</td>\n",
       "      <td>0.915837</td>\n",
       "      <td>0.876471</td>\n",
       "      <td>0.779265</td>\n",
       "      <td>0.836898</td>\n",
       "      <td>0.891920</td>\n",
       "    </tr>\n",
       "    <tr>\n",
       "      <th rowspan=\"4\" valign=\"top\">Fixed</th>\n",
       "      <th>Graded-Both</th>\n",
       "      <td>0.646390</td>\n",
       "      <td>0.838623</td>\n",
       "      <td>0.760578</td>\n",
       "      <td>0.743179</td>\n",
       "      <td>1.000000</td>\n",
       "      <td>0.977400</td>\n",
       "      <td>0.952675</td>\n",
       "      <td>0.890551</td>\n",
       "      <td>0.587794</td>\n",
       "      <td>0.971362</td>\n",
       "      <td>0.946860</td>\n",
       "      <td>0.623727</td>\n",
       "    </tr>\n",
       "    <tr>\n",
       "      <th>Graded-Go</th>\n",
       "      <td>0.633387</td>\n",
       "      <td>0.854347</td>\n",
       "      <td>0.754876</td>\n",
       "      <td>0.751169</td>\n",
       "      <td>0.977400</td>\n",
       "      <td>1.000000</td>\n",
       "      <td>0.943722</td>\n",
       "      <td>0.895893</td>\n",
       "      <td>0.599108</td>\n",
       "      <td>0.968865</td>\n",
       "      <td>0.949542</td>\n",
       "      <td>0.634749</td>\n",
       "    </tr>\n",
       "    <tr>\n",
       "      <th>Guesses</th>\n",
       "      <td>0.594147</td>\n",
       "      <td>0.760262</td>\n",
       "      <td>0.755591</td>\n",
       "      <td>0.587324</td>\n",
       "      <td>0.952675</td>\n",
       "      <td>0.943722</td>\n",
       "      <td>1.000000</td>\n",
       "      <td>0.765161</td>\n",
       "      <td>0.388202</td>\n",
       "      <td>0.926997</td>\n",
       "      <td>0.859342</td>\n",
       "      <td>0.429281</td>\n",
       "    </tr>\n",
       "    <tr>\n",
       "      <th>Independent</th>\n",
       "      <td>0.616733</td>\n",
       "      <td>0.849623</td>\n",
       "      <td>0.675903</td>\n",
       "      <td>0.915837</td>\n",
       "      <td>0.890551</td>\n",
       "      <td>0.895893</td>\n",
       "      <td>0.765161</td>\n",
       "      <td>1.000000</td>\n",
       "      <td>0.838642</td>\n",
       "      <td>0.911624</td>\n",
       "      <td>0.951832</td>\n",
       "      <td>0.860441</td>\n",
       "    </tr>\n",
       "    <tr>\n",
       "      <th rowspan=\"4\" valign=\"top\">Tracking</th>\n",
       "      <th>Graded-Both</th>\n",
       "      <td>0.453262</td>\n",
       "      <td>0.670990</td>\n",
       "      <td>0.420635</td>\n",
       "      <td>0.876471</td>\n",
       "      <td>0.587794</td>\n",
       "      <td>0.599108</td>\n",
       "      <td>0.388202</td>\n",
       "      <td>0.838642</td>\n",
       "      <td>1.000000</td>\n",
       "      <td>0.645137</td>\n",
       "      <td>0.719878</td>\n",
       "      <td>0.965121</td>\n",
       "    </tr>\n",
       "    <tr>\n",
       "      <th>Graded-Go</th>\n",
       "      <td>0.637547</td>\n",
       "      <td>0.847368</td>\n",
       "      <td>0.748634</td>\n",
       "      <td>0.779265</td>\n",
       "      <td>0.971362</td>\n",
       "      <td>0.968865</td>\n",
       "      <td>0.926997</td>\n",
       "      <td>0.911624</td>\n",
       "      <td>0.645137</td>\n",
       "      <td>1.000000</td>\n",
       "      <td>0.943904</td>\n",
       "      <td>0.677350</td>\n",
       "    </tr>\n",
       "    <tr>\n",
       "      <th>Guesses</th>\n",
       "      <td>0.634508</td>\n",
       "      <td>0.854510</td>\n",
       "      <td>0.726886</td>\n",
       "      <td>0.836898</td>\n",
       "      <td>0.946860</td>\n",
       "      <td>0.949542</td>\n",
       "      <td>0.859342</td>\n",
       "      <td>0.951832</td>\n",
       "      <td>0.719878</td>\n",
       "      <td>0.943904</td>\n",
       "      <td>1.000000</td>\n",
       "      <td>0.754352</td>\n",
       "    </tr>\n",
       "    <tr>\n",
       "      <th>Independent</th>\n",
       "      <td>0.477163</td>\n",
       "      <td>0.698325</td>\n",
       "      <td>0.449477</td>\n",
       "      <td>0.891920</td>\n",
       "      <td>0.623727</td>\n",
       "      <td>0.634749</td>\n",
       "      <td>0.429281</td>\n",
       "      <td>0.860441</td>\n",
       "      <td>0.965121</td>\n",
       "      <td>0.677350</td>\n",
       "      <td>0.754352</td>\n",
       "      <td>1.000000</td>\n",
       "    </tr>\n",
       "  </tbody>\n",
       "</table>\n",
       "</div>"
      ],
      "text/plain": [
       "SSRT Method                     Weighted                                  \\\n",
       "Generating Model             Graded-Both Graded-Go   Guesses Independent   \n",
       "SSRT Method Generating Model                                               \n",
       "Weighted    Graded-Both         1.000000  0.364069  0.928638    0.730268   \n",
       "            Graded-Go           0.364069  1.000000  0.427898    0.661625   \n",
       "            Guesses             0.928638  0.427898  1.000000    0.713065   \n",
       "            Independent         0.730268  0.661625  0.713065    1.000000   \n",
       "Fixed       Graded-Both         0.646390  0.838623  0.760578    0.743179   \n",
       "            Graded-Go           0.633387  0.854347  0.754876    0.751169   \n",
       "            Guesses             0.594147  0.760262  0.755591    0.587324   \n",
       "            Independent         0.616733  0.849623  0.675903    0.915837   \n",
       "Tracking    Graded-Both         0.453262  0.670990  0.420635    0.876471   \n",
       "            Graded-Go           0.637547  0.847368  0.748634    0.779265   \n",
       "            Guesses             0.634508  0.854510  0.726886    0.836898   \n",
       "            Independent         0.477163  0.698325  0.449477    0.891920   \n",
       "\n",
       "SSRT Method                        Fixed                                  \\\n",
       "Generating Model             Graded-Both Graded-Go   Guesses Independent   \n",
       "SSRT Method Generating Model                                               \n",
       "Weighted    Graded-Both         0.646390  0.633387  0.594147    0.616733   \n",
       "            Graded-Go           0.838623  0.854347  0.760262    0.849623   \n",
       "            Guesses             0.760578  0.754876  0.755591    0.675903   \n",
       "            Independent         0.743179  0.751169  0.587324    0.915837   \n",
       "Fixed       Graded-Both         1.000000  0.977400  0.952675    0.890551   \n",
       "            Graded-Go           0.977400  1.000000  0.943722    0.895893   \n",
       "            Guesses             0.952675  0.943722  1.000000    0.765161   \n",
       "            Independent         0.890551  0.895893  0.765161    1.000000   \n",
       "Tracking    Graded-Both         0.587794  0.599108  0.388202    0.838642   \n",
       "            Graded-Go           0.971362  0.968865  0.926997    0.911624   \n",
       "            Guesses             0.946860  0.949542  0.859342    0.951832   \n",
       "            Independent         0.623727  0.634749  0.429281    0.860441   \n",
       "\n",
       "SSRT Method                     Tracking                                  \n",
       "Generating Model             Graded-Both Graded-Go   Guesses Independent  \n",
       "SSRT Method Generating Model                                              \n",
       "Weighted    Graded-Both         0.453262  0.637547  0.634508    0.477163  \n",
       "            Graded-Go           0.670990  0.847368  0.854510    0.698325  \n",
       "            Guesses             0.420635  0.748634  0.726886    0.449477  \n",
       "            Independent         0.876471  0.779265  0.836898    0.891920  \n",
       "Fixed       Graded-Both         0.587794  0.971362  0.946860    0.623727  \n",
       "            Graded-Go           0.599108  0.968865  0.949542    0.634749  \n",
       "            Guesses             0.388202  0.926997  0.859342    0.429281  \n",
       "            Independent         0.838642  0.911624  0.951832    0.860441  \n",
       "Tracking    Graded-Both         1.000000  0.645137  0.719878    0.965121  \n",
       "            Graded-Go           0.645137  1.000000  0.943904    0.677350  \n",
       "            Guesses             0.719878  0.943904  1.000000    0.754352  \n",
       "            Independent         0.965121  0.677350  0.754352    1.000000  "
      ]
     },
     "execution_count": 6,
     "metadata": {},
     "output_type": "execute_result"
    }
   ],
   "source": [
    "pd_df['SSRTscale=25'].corr(method='spearman')"
   ]
  },
  {
   "cell_type": "code",
   "execution_count": 7,
   "metadata": {},
   "outputs": [
    {
     "data": {
      "text/html": [
       "<div>\n",
       "<style scoped>\n",
       "    .dataframe tbody tr th:only-of-type {\n",
       "        vertical-align: middle;\n",
       "    }\n",
       "\n",
       "    .dataframe tbody tr th {\n",
       "        vertical-align: top;\n",
       "    }\n",
       "\n",
       "    .dataframe thead tr th {\n",
       "        text-align: left;\n",
       "    }\n",
       "\n",
       "    .dataframe thead tr:last-of-type th {\n",
       "        text-align: right;\n",
       "    }\n",
       "</style>\n",
       "<table border=\"1\" class=\"dataframe\">\n",
       "  <thead>\n",
       "    <tr>\n",
       "      <th></th>\n",
       "      <th>SSRT Method</th>\n",
       "      <th colspan=\"4\" halign=\"left\">Weighted</th>\n",
       "      <th colspan=\"4\" halign=\"left\">Fixed</th>\n",
       "      <th colspan=\"4\" halign=\"left\">Tracking</th>\n",
       "    </tr>\n",
       "    <tr>\n",
       "      <th></th>\n",
       "      <th>Generating Model</th>\n",
       "      <th>Graded-Both</th>\n",
       "      <th>Graded-Go</th>\n",
       "      <th>Guesses</th>\n",
       "      <th>Independent</th>\n",
       "      <th>Graded-Both</th>\n",
       "      <th>Graded-Go</th>\n",
       "      <th>Guesses</th>\n",
       "      <th>Independent</th>\n",
       "      <th>Graded-Both</th>\n",
       "      <th>Graded-Go</th>\n",
       "      <th>Guesses</th>\n",
       "      <th>Independent</th>\n",
       "    </tr>\n",
       "    <tr>\n",
       "      <th>SSRT Method</th>\n",
       "      <th>Generating Model</th>\n",
       "      <th></th>\n",
       "      <th></th>\n",
       "      <th></th>\n",
       "      <th></th>\n",
       "      <th></th>\n",
       "      <th></th>\n",
       "      <th></th>\n",
       "      <th></th>\n",
       "      <th></th>\n",
       "      <th></th>\n",
       "      <th></th>\n",
       "      <th></th>\n",
       "    </tr>\n",
       "  </thead>\n",
       "  <tbody>\n",
       "    <tr>\n",
       "      <th rowspan=\"4\" valign=\"top\">Weighted</th>\n",
       "      <th>Graded-Both</th>\n",
       "      <td>1.000000</td>\n",
       "      <td>0.102276</td>\n",
       "      <td>0.918045</td>\n",
       "      <td>0.819518</td>\n",
       "      <td>0.576365</td>\n",
       "      <td>0.558566</td>\n",
       "      <td>0.561902</td>\n",
       "      <td>0.540865</td>\n",
       "      <td>0.047667</td>\n",
       "      <td>0.560797</td>\n",
       "      <td>0.548669</td>\n",
       "      <td>0.177228</td>\n",
       "    </tr>\n",
       "    <tr>\n",
       "      <th>Graded-Go</th>\n",
       "      <td>0.102276</td>\n",
       "      <td>1.000000</td>\n",
       "      <td>0.214396</td>\n",
       "      <td>0.179188</td>\n",
       "      <td>0.723337</td>\n",
       "      <td>0.746706</td>\n",
       "      <td>0.725822</td>\n",
       "      <td>0.681968</td>\n",
       "      <td>0.072301</td>\n",
       "      <td>0.715530</td>\n",
       "      <td>0.705530</td>\n",
       "      <td>0.248062</td>\n",
       "    </tr>\n",
       "    <tr>\n",
       "      <th>Guesses</th>\n",
       "      <td>0.918045</td>\n",
       "      <td>0.214396</td>\n",
       "      <td>1.000000</td>\n",
       "      <td>0.812287</td>\n",
       "      <td>0.716607</td>\n",
       "      <td>0.713320</td>\n",
       "      <td>0.727794</td>\n",
       "      <td>0.674501</td>\n",
       "      <td>0.020389</td>\n",
       "      <td>0.714339</td>\n",
       "      <td>0.695235</td>\n",
       "      <td>0.194518</td>\n",
       "    </tr>\n",
       "    <tr>\n",
       "      <th>Independent</th>\n",
       "      <td>0.819518</td>\n",
       "      <td>0.179188</td>\n",
       "      <td>0.812287</td>\n",
       "      <td>1.000000</td>\n",
       "      <td>0.564718</td>\n",
       "      <td>0.563712</td>\n",
       "      <td>0.542127</td>\n",
       "      <td>0.687041</td>\n",
       "      <td>0.252986</td>\n",
       "      <td>0.568062</td>\n",
       "      <td>0.594996</td>\n",
       "      <td>0.381794</td>\n",
       "    </tr>\n",
       "    <tr>\n",
       "      <th rowspan=\"4\" valign=\"top\">Fixed</th>\n",
       "      <th>Graded-Both</th>\n",
       "      <td>0.576365</td>\n",
       "      <td>0.723337</td>\n",
       "      <td>0.716607</td>\n",
       "      <td>0.564718</td>\n",
       "      <td>1.000000</td>\n",
       "      <td>0.961454</td>\n",
       "      <td>0.975825</td>\n",
       "      <td>0.892868</td>\n",
       "      <td>0.025841</td>\n",
       "      <td>0.959179</td>\n",
       "      <td>0.934345</td>\n",
       "      <td>0.255687</td>\n",
       "    </tr>\n",
       "    <tr>\n",
       "      <th>Graded-Go</th>\n",
       "      <td>0.558566</td>\n",
       "      <td>0.746706</td>\n",
       "      <td>0.713320</td>\n",
       "      <td>0.563712</td>\n",
       "      <td>0.961454</td>\n",
       "      <td>1.000000</td>\n",
       "      <td>0.968315</td>\n",
       "      <td>0.887588</td>\n",
       "      <td>0.030622</td>\n",
       "      <td>0.952217</td>\n",
       "      <td>0.928753</td>\n",
       "      <td>0.256504</td>\n",
       "    </tr>\n",
       "    <tr>\n",
       "      <th>Guesses</th>\n",
       "      <td>0.561902</td>\n",
       "      <td>0.725822</td>\n",
       "      <td>0.727794</td>\n",
       "      <td>0.542127</td>\n",
       "      <td>0.975825</td>\n",
       "      <td>0.968315</td>\n",
       "      <td>1.000000</td>\n",
       "      <td>0.879787</td>\n",
       "      <td>-0.028331</td>\n",
       "      <td>0.965392</td>\n",
       "      <td>0.927807</td>\n",
       "      <td>0.204531</td>\n",
       "    </tr>\n",
       "    <tr>\n",
       "      <th>Independent</th>\n",
       "      <td>0.540865</td>\n",
       "      <td>0.681968</td>\n",
       "      <td>0.674501</td>\n",
       "      <td>0.687041</td>\n",
       "      <td>0.892868</td>\n",
       "      <td>0.887588</td>\n",
       "      <td>0.879787</td>\n",
       "      <td>1.000000</td>\n",
       "      <td>0.176855</td>\n",
       "      <td>0.886664</td>\n",
       "      <td>0.902551</td>\n",
       "      <td>0.395418</td>\n",
       "    </tr>\n",
       "    <tr>\n",
       "      <th rowspan=\"4\" valign=\"top\">Tracking</th>\n",
       "      <th>Graded-Both</th>\n",
       "      <td>0.047667</td>\n",
       "      <td>0.072301</td>\n",
       "      <td>0.020389</td>\n",
       "      <td>0.252986</td>\n",
       "      <td>0.025841</td>\n",
       "      <td>0.030622</td>\n",
       "      <td>-0.028331</td>\n",
       "      <td>0.176855</td>\n",
       "      <td>1.000000</td>\n",
       "      <td>0.042400</td>\n",
       "      <td>0.100646</td>\n",
       "      <td>0.554048</td>\n",
       "    </tr>\n",
       "    <tr>\n",
       "      <th>Graded-Go</th>\n",
       "      <td>0.560797</td>\n",
       "      <td>0.715530</td>\n",
       "      <td>0.714339</td>\n",
       "      <td>0.568062</td>\n",
       "      <td>0.959179</td>\n",
       "      <td>0.952217</td>\n",
       "      <td>0.965392</td>\n",
       "      <td>0.886664</td>\n",
       "      <td>0.042400</td>\n",
       "      <td>1.000000</td>\n",
       "      <td>0.925121</td>\n",
       "      <td>0.270117</td>\n",
       "    </tr>\n",
       "    <tr>\n",
       "      <th>Guesses</th>\n",
       "      <td>0.548669</td>\n",
       "      <td>0.705530</td>\n",
       "      <td>0.695235</td>\n",
       "      <td>0.594996</td>\n",
       "      <td>0.934345</td>\n",
       "      <td>0.928753</td>\n",
       "      <td>0.927807</td>\n",
       "      <td>0.902551</td>\n",
       "      <td>0.100646</td>\n",
       "      <td>0.925121</td>\n",
       "      <td>1.000000</td>\n",
       "      <td>0.342387</td>\n",
       "    </tr>\n",
       "    <tr>\n",
       "      <th>Independent</th>\n",
       "      <td>0.177228</td>\n",
       "      <td>0.248062</td>\n",
       "      <td>0.194518</td>\n",
       "      <td>0.381794</td>\n",
       "      <td>0.255687</td>\n",
       "      <td>0.256504</td>\n",
       "      <td>0.204531</td>\n",
       "      <td>0.395418</td>\n",
       "      <td>0.554048</td>\n",
       "      <td>0.270117</td>\n",
       "      <td>0.342387</td>\n",
       "      <td>1.000000</td>\n",
       "    </tr>\n",
       "  </tbody>\n",
       "</table>\n",
       "</div>"
      ],
      "text/plain": [
       "SSRT Method                     Weighted                                  \\\n",
       "Generating Model             Graded-Both Graded-Go   Guesses Independent   \n",
       "SSRT Method Generating Model                                               \n",
       "Weighted    Graded-Both         1.000000  0.102276  0.918045    0.819518   \n",
       "            Graded-Go           0.102276  1.000000  0.214396    0.179188   \n",
       "            Guesses             0.918045  0.214396  1.000000    0.812287   \n",
       "            Independent         0.819518  0.179188  0.812287    1.000000   \n",
       "Fixed       Graded-Both         0.576365  0.723337  0.716607    0.564718   \n",
       "            Graded-Go           0.558566  0.746706  0.713320    0.563712   \n",
       "            Guesses             0.561902  0.725822  0.727794    0.542127   \n",
       "            Independent         0.540865  0.681968  0.674501    0.687041   \n",
       "Tracking    Graded-Both         0.047667  0.072301  0.020389    0.252986   \n",
       "            Graded-Go           0.560797  0.715530  0.714339    0.568062   \n",
       "            Guesses             0.548669  0.705530  0.695235    0.594996   \n",
       "            Independent         0.177228  0.248062  0.194518    0.381794   \n",
       "\n",
       "SSRT Method                        Fixed                                  \\\n",
       "Generating Model             Graded-Both Graded-Go   Guesses Independent   \n",
       "SSRT Method Generating Model                                               \n",
       "Weighted    Graded-Both         0.576365  0.558566  0.561902    0.540865   \n",
       "            Graded-Go           0.723337  0.746706  0.725822    0.681968   \n",
       "            Guesses             0.716607  0.713320  0.727794    0.674501   \n",
       "            Independent         0.564718  0.563712  0.542127    0.687041   \n",
